0 0.264000 0.718501 0.128000 0.413021
0 0.376000 0.932506 0.180000 0.131007
0 0.576500 0.545995 0.091000 0.451991
0 0.804500 0.563489 0.087000 0.437002
0 0.870000 0.468501 0.078000 0.177002
0 0.868000 0.380012 0.026000 0.110000
0 0.926500 0.508501 0.047000 0.093021
0 0.969500 0.505000 0.049000 0.100023
0 0.747500 0.452494 0.029000 0.104988
0 0.369500 0.527494 0.079000 0.085012
0 0.496000 0.468489 0.042000 0.107002
25 0.246000 0.380995 0.492000 0.318009
25 0.062500 0.435995 0.125000 0.231991
25 0.514000 0.297506 0.128000 0.055012
25 0.630500 0.350000 0.121000 0.090023
25 0.692500 0.203489 0.061000 0.202998
25 0.780500 0.269496 0.085000 0.044988
25 0.504500 0.325995 0.091000 0.037986
56 0.141500 0.862506 0.283000 0.271007
56 0.132000 0.677494 0.202000 0.214988
56 0.392000 0.756007 0.178000 0.141991
56 0.407000 0.676991 0.142000 0.110000
56 0.414000 0.620000 0.116000 0.080000
56 0.418500 0.578501 0.091000 0.066979
56 0.431500 0.544496 0.069000 0.054988
56 0.447500 0.523501 0.067000 0.047002
56 0.461000 0.505000 0.066000 0.040023
56 0.472000 0.491991 0.062000 0.040000
56 0.479500 0.477506 0.059000 0.035012
56 0.488000 0.467494 0.058000 0.034988
56 0.496000 0.456991 0.054000 0.030000
56 0.504000 0.448501 0.052000 0.026979
56 0.511000 0.439496 0.050000 0.024988
56 0.517500 0.432506 0.047000 0.025012
56 0.525000 0.425995 0.044000 0.022014
56 0.532000 0.420000 0.042000 0.020000
56 0.539000 0.415000 0.040000 0.019977
56 0.545500 0.410000 0.037000 0.020000
56 0.552000 0.405000 0.036000 0.019977
56 0.558000 0.400000 0.034000 0.020000
56 0.563500 0.395012 0.033000 0.020000
56 0.604000 0.360000 0.026000 0.020000
56 0.610000 0.354988 0.026000 0.020000
56 0.615500 0.350000 0.025000 0.020000
56 0.621500 0.345000 0.025000 0.019977