0 0.375000 0.935000 0.178000 0.130000
0 0.264000 0.715995 0.118000 0.408009
0 0.576500 0.544496 0.091000 0.445012
0 0.803000 0.563489 0.084000 0.437002
0 0.865500 0.469496 0.065000 0.175012
0 0.869500 0.370000 0.027000 0.089977
0 0.925000 0.509496 0.040000 0.095012
0 0.958000 0.507506 0.040000 0.095012
0 0.748500 0.459496 0.031000 0.104988
0 0.367500 0.530000 0.075000 0.080000
0 0.960000 0.398501 0.014000 0.057002
0 0.976500 0.398489 0.013000 0.052998
0 0.992000 0.502002 0.016000 0.090000
25 0.247500 0.380995 0.495000 0.321991
25 0.062500 0.435995 0.125000 0.228009
25 0.515000 0.293501 0.124000 0.052998
25 0.627500 0.339496 0.111000 0.064988
25 0.692500 0.203489 0.061000 0.202998
25 0.780500 0.269496 0.085000 0.044988
25 0.661000 0.324496 0.100000 0.065012
56 0.139000 0.877494 0.278000 0.245012
56 0.126500 0.682494 0.209000 0.235012
56 0.398500 0.705995 0.169000 0.151991
56 0.393000 0.625995 0.104000 0.091991
56 0.420500 0.580012 0.081000 0.070000
56 0.438000 0.550995 0.070000 0.061991
56 0.453000 0.527506 0.062000 0.055012
56 0.468500 0.508489 0.053000 0.047002
56 0.479000 0.495000 0.048000 0.040023
56 0.489000 0.482506 0.044000 0.034988
56 0.497500 0.473501 0.039000 0.032998
56 0.505500 0.465000 0.035000 0.030000
56 0.514500 0.456991 0.033000 0.030000
56 0.524500 0.451007 0.033000 0.028009