0 0.379500 0.934005 0.187000 0.128009
0 0.261500 0.718009 0.123000 0.420000
0 0.576500 0.545995 0.091000 0.445995
0 0.804000 0.563993 0.086000 0.435995
0 0.864000 0.467002 0.066000 0.180000
0 0.868500 0.372998 0.025000 0.094005
0 0.926500 0.509005 0.047000 0.095995
0 0.971000 0.505000 0.054000 0.107986
0 0.371500 0.532494 0.081000 0.081007
0 0.748000 0.458501 0.028000 0.114988
0 0.499000 0.465492 0.030000 0.101007
25 0.247500 0.384496 0.495000 0.334988
25 0.063000 0.440000 0.126000 0.234005
25 0.511500 0.298501 0.123000 0.059016
25 0.626500 0.342002 0.113000 0.070000
25 0.778500 0.272494 0.089000 0.044988
25 0.691500 0.204496 0.061000 0.205012
25 0.475000 0.360995 0.116000 0.107986
56 0.143000 0.782002 0.286000 0.432014
56 0.298500 0.678993 0.369000 0.254005
56 0.326500 0.595995 0.247000 0.160000
56 0.374000 0.559496 0.186000 0.118993
56 0.414000 0.537494 0.140000 0.091007
26 0.475000 0.836511 0.084000 0.182998
26 0.231500 0.858501 0.103000 0.125012